x2 = -0.105000,
x3 = -0.054688,
x4 = -0.123750,
x5 = -0.123750,
x6 = -0.093750,
x7 = -0.120000,
x8 = -0.050000,
